0.000000000000000000e+00
0.000000000000000000e+00
1.842919339326138584e+01
1.757114509937246538e+01
1.888676442025905544e+01
1.938240794237206899e+01
1.743779513638059342e+01
2.950217151854135977e+01
2.176497640780508647e+01
2.466772937229091056e+01
1.816663811747600832e+01
2.469265884426136992e+01
2.717115996424237423e+01
2.755693777838675729e+01
1.941575274925457606e+01
2.463978276195716788e+01
2.426795897372103994e+01
2.156755878936103343e+01
1.566788847161270937e+01
2.780096938338850521e+01
2.446971124184600299e+01
2.763233297614618067e+01
1.881913708658641227e+01
2.100132918775940993e+01
1.840105424068197948e+01
1.575116333463951790e+01
2.138804438260878626e+01
2.367265920231930565e+01
2.327549639764545830e+01
2.495671849936346476e+01
2.969903997082667146e+01
2.177896532366233373e+01
3.559017979685704347e+01
2.489456694789022961e+01
2.087340661867068903e+01
1.786063379050757050e+01
2.700180279282440665e+01
2.491991099439729140e+01
2.017241610161844179e+01
1.717580580450511718e+01
2.604716797243136028e+01
1.979657909004983551e+01
2.541050230471996230e+01
2.648881327045458178e+01
1.760442594867603106e+01
2.343325357395050901e+01
2.556602494041086260e+01
2.462870206843554755e+01
2.558326426841358980e+01
2.674359413576420152e+01
2.393736352408116375e+01
1.935898058673985034e+01
2.463134521851377201e+01
2.124318578171433103e+01
2.245823950926422796e+01
1.961433733629177212e+01
1.500509626775421346e+01
